8.21447 8.33981 8.44847 8.55316 8.53831 8.53105
53.01045 55.33195 55.78231 55.69366 55.62694 55.59246
69.94393 70.96022 71.55250 71.43920 71.35421 71.30997
107.06757 108.54874 109.41180 109.26328 109.15320 109.09431
122.77144 124.45986 125.44361 125.28333 125.16535 125.10124
137.08659 138.96507 140.05954 139.88815 139.76252 139.69352
110.12406 111.68576 112.59578 112.44290 112.32976 112.26891
113.44999 115.02501 115.94283 115.78759 115.67261 115.61088
57.63232 58.47960 58.97340 58.87550 58.80178 58.76374
19.16710 19.45954 19.62999 19.59116 19.56164 19.54682
8.67927 8.81170 9.34432 10.95845 10.98745 10.99830
79.95655 90.52627 91.10478 91.13677 91.16924 91.17390
155.93823 157.82222 158.91994 158.75652 158.63760 158.57119
242.06304 243.94009 245.03173 245.51464 245.92373 246.07442
387.57234 388.59305 389.18027 390.45723 391.51737 391.93970
288.80180 291.40154 292.91389 293.10481 293.28363 293.33182
164.55841 166.74806 168.02377 167.83682 167.70094 167.62481
117.18181 118.75786 119.67623 119.52073 119.40571 119.34389
126.34024 127.89401 128.79945 128.66222 128.56137 128.50576
24.78888 30.54867 42.21923 42.40571 42.55922 42.61950
7.26047 7.37125 10.70791 22.05910 22.23471 22.30654
111.33283 166.29931 166.51424 167.17144 167.70639 167.92460
280.98726 281.68529 282.08997 283.25972 284.21921 284.60737
522.78041 523.20856 523.44842 524.49467 525.36868 525.71724
548.77138 549.30282 549.60027 550.80904 551.82251 552.22477
569.36351 570.07745 570.48099 572.03207 573.32500 573.84094
