8.43755 1.37884
55.17296 8.53284
71.09334 11.35953
108.75648 17.12955
124.70414 19.72737
139.24256 21.99810
111.90786 17.88412
115.24815 18.05887
58.58772 9.36824
19.49271 3.21825
9.96325 1.48970
89.17792 11.13884
158.10762 22.59431
244.75794 30.61881
389.87666 41.50001
292.13958 39.80348
167.08214 25.97012
118.98104 18.32297
128.12717 17.57293
37.52354 4.35741
15.32333 1.38820
157.82480 5.20371
282.80814 21.46060
524.16966 45.30442
550.42180 53.96379
571.51999 56.64661
