0.73255 0.76292 0.78705 0.77766 0.76944 0.76389
4.51674 4.70396 4.85272 4.80871 4.77188 4.74442
5.94057 6.18677 6.38240 6.32592 6.27908 6.24367
8.65984 9.01895 9.30374 9.22865 9.16819 9.12006
9.87207 10.28158 10.60611 10.52441 10.45972 10.40675
10.98351 11.43914 11.80018 11.71239 11.64356 11.58615
9.13000 9.50861 9.80896 9.73155 9.66938 9.61950
9.20809 9.58981 9.89281 9.81427 9.75112 9.70059
4.95229 5.15755 5.32067 5.27210 5.23140 5.20114
1.70928 1.78013 1.83643 1.81739 1.80108 1.78952
0.77404 0.80612 0.83161 0.84668 0.86286 0.86922
5.80311 6.04363 6.23467 6.24416 6.26260 6.25961
11.01828 11.47466 11.83701 11.75251 11.68768 11.63197
11.00332 11.46118 11.81811 12.02224 12.25320 12.33824
6.06399 6.32314 6.50565 7.06037 7.65893 7.92104
15.23116 15.86539 16.36073 16.42740 16.53095 16.54310
12.80401 13.33518 13.75589 13.65924 13.58498 13.52082
9.21498 9.59701 9.90012 9.82132 9.75822 9.70753
9.08319 9.45948 9.75857 9.68856 9.63297 9.58680
2.21098 2.30261 2.37536 2.45790 2.54346 2.58094
0.64774 0.67458 0.69586 0.79309 0.89085 0.93757
2.16472 2.25431 2.32492 2.62042 2.91820 3.05976
4.12933 4.29799 4.42972 4.94815 5.48674 5.73560
2.63746 2.75411 2.81803 3.26794 3.76536 3.98014
3.26371 3.41148 3.49134 4.00640 4.58382 4.82930
4.33747 4.52826 4.64248 5.31065 6.04338 6.36280
