1987 1 1 7 30 2 9 2.12844707917 1.52000075239 0.0507955744035
1987 1 1 8 30 3 58 2.25990603569 1.39488240612 0.175913920676
1987 1 1 9 30 5 74 2.45713068443 1.24894174276 0.321854584036
1987 1 1 10 30 10 110 2.68648440782 1.1368899872 0.433906339598
1987 1 1 11 30 10 126 2.94578950665 1.07031592754 0.500480399257
1987 1 1 12 30 8 142 3.22094010303 1.05813764093 0.512658685863
1987 1 1 13 30 5 116 3.48946399197 1.10220397882 0.468592347976
1987 1 1 14 30 3 120 3.73257029094 1.19615957394 0.374636752857
1987 1 1 15 30 2 62 3.94323535353 1.32904049138 0.241755835416
1987 1 1 16 30 0 21 4.11960624483 1.48407213149 0.0867241953057
1987 1 2 7 30 20 10 2.12626771749 1.52016064958 0.0506356772154
1987 1 2 8 30 36 84 2.25747324894 1.39503373375 0.175762593044
1987 1 2 9 30 21 154 2.4546078645 1.24872696578 0.32206936102
1987 1 2 10 30 129 174 2.68393551157 1.13622746394 0.434568862854
1987 1 2 11 30 419 125 2.94338159248 1.06915931098 0.501637015812
1987 1 2 12 30 90 236 3.21889651029 1.05651254805 0.514283778742
1987 1 2 13 30 4 172 3.48793881117 1.10021159767 0.470584729125
1987 1 2 14 30 11 120 3.73157358483 1.19393145462 0.376864872179
1987 1 2 15 30 7 129 3.94267970144 1.32669185472 0.244104472077
1987 1 2 16 30 74 33 4.12050496205 1.48284096093 0.0879553658622
1987 1 3 7 30 136 12 2.12395905799 1.52026930156 0.0505270252316
1987 1 3 8 30 548 41 2.25496724107 1.39507532088 0.17572100592
1987 1 3 9 30 480 82 2.45202716097 1.24839313689 0.322403189907
1987 1 3 10 30 879 49 2.68135090297 1.13543829085 0.435358035948
1987 1 3 11 30 793 62 2.94096841081 1.06787234043 0.502923986368
1987 1 3 12 30 749 95 3.21688297237 1.05475973044 0.516036596359
