1.54461 1.02159 0.95031 1.17043 1.57382 2.01228
9.54699 6.32629 5.88675 7.24900 9.74244 12.44556
12.62510 8.52402 8.02901 9.69452 12.88121 16.40333
19.16166 13.74409 12.44168 14.42296 18.94647 24.06046
22.46386 16.13392 14.21659 16.44730 21.62579 27.47678
25.06309 18.05103 15.87764 18.32904 24.08027 30.58755
20.11881 14.15855 12.77631 15.04118 19.89555 25.31433
20.01150 14.15311 13.15664 15.33727 20.13605 25.55865
10.46127 6.94076 6.48229 7.98319 10.69585 13.64608
3.60336 2.38383 2.21751 2.73218 3.67477 4.69787
1.65035 1.10504 1.02971 1.27157 1.70919 2.17237
12.40426 8.28582 7.72086 9.49521 12.72788 16.19900
24.35195 18.04494 17.76962 19.66285 24.74876 30.98774
34.02200 35.26640 28.71344 24.58679 27.68267 33.44156
56.51195 71.05249 45.11516 27.24154 23.49266 25.58625
48.27554 44.38446 33.53287 30.83948 36.61983 45.16872
29.34818 21.70836 19.12357 21.65878 28.22136 35.76045
20.23843 14.62838 13.59508 15.56162 20.25978 25.65451
19.38495 13.05227 12.45274 15.24420 20.00971 25.29371
4.79380 3.24782 3.03252 3.73780 5.00528 6.32725
1.47377 1.04228 0.97914 1.21282 1.61724 2.00394
5.51205 4.06260 3.85015 4.61747 5.94902 7.23094
16.96594 25.37778 30.75552 21.77389 17.00044 16.89000
50.25523 85.94174 62.88430 32.40919 21.09960 19.23647
76.84452 104.64409 63.67478 32.89723 23.11644 22.60568
85.98118 107.16681 62.09342 33.38627 25.30458 25.94739
